canvas 0 0 1000 1000
shape R1 rectangle
motion R1 0 0 407 100 186 0 0 0 0 0 407 100 186 0 0 0
shape R2 rectangle
motion R2 0 200 450 100 100 0 0 0 0 200 450 100 100 0 0 0
shape R3 rectangle
motion R3 0 400 395 100 210 0 0 0 0 400 395 100 210 0 0 0
shape R4 rectangle
motion R4 0 600 422 100 156 0 0 0 0 600 422 100 156 0 0 0
shape R5 rectangle
motion R5 0 800 435 100 131 0 0 0 0 800 435 100 131 0 0 0
motion R1 0 0 407 100 186 0 0 0 4 0 107 100 186 0 0 0
motion R2 0 200 450 100 100 0 0 0 4 200 750 100 100 0 0 0
motion R1 4 0 107 100 186 0 0 0 6 200 107 100 186 0 0 0
motion R2 4 200 750 100 100 0 0 0 6 0 750 100 100 0 0 0
motion R1 6 200 107 100 186 0 0 0 10 200 407 100 186 0 0 0
motion R2 6 0 750 100 100 0 0 0 10 0 450 100 100 0 0 0
motion R3 0 400 395 100 210 0 0 0 10 400 395 100 210 0 0 0
motion R4 0 600 422 100 156 0 0 0 10 600 422 100 156 0 0 0
motion R5 0 800 435 100 131 0 0 0 10 800 435 100 131 0 0 0
motion R3 10 400 395 100 210 0 0 0 14 400 95 100 210 0 0 0
motion R4 10 600 422 100 156 0 0 0 14 600 722 100 156 0 0 0
motion R3 14 400 95 100 210 0 0 0 16 600 95 100 210 0 0 0
motion R4 14 600 722 100 156 0 0 0 16 400 722 100 156 0 0 0
motion R3 16 600 95 100 210 0 0 0 20 600 395 100 210 0 0 0
motion R4 16 400 722 100 156 0 0 0 20 400 422 100 156 0 0 0
motion R2 10 0 450 100 100 0 0 0 20 0 450 100 100 0 0 0
motion R1 10 200 407 100 186 0 0 0 20 200 407 100 186 0 0 0
motion R5 10 800 435 100 131 0 0 0 20 800 435 100 131 0 0 0
motion R3 20 600 395 100 210 0 0 0 24 600 95 100 210 0 0 0
motion R5 20 800 435 100 131 0 0 0 24 800 735 100 131 0 0 0
motion R3 24 600 95 100 210 0 0 0 26 800 95 100 210 0 0 0
motion R5 24 800 735 100 131 0 0 0 26 600 735 100 131 0 0 0
motion R3 26 800 95 100 210 0 0 0 30 800 395 100 210 0 0 0
motion R5 26 600 735 100 131 0 0 0 30 600 435 100 131 0 0 0
motion R2 20 0 450 100 100 0 0 0 30 0 450 100 100 0 0 0
motion R1 20 200 407 100 186 0 0 0 30 200 407 100 186 0 0 0
motion R4 20 400 422 100 156 0 0 0 30 400 422 100 156 0 0 0
motion R1 30 200 407 100 186 0 0 0 34 200 107 100 186 0 0 0
motion R4 30 400 422 100 156 0 0 0 34 400 722 100 156 0 0 0
motion R1 34 200 107 100 186 0 0 0 36 400 107 100 186 0 0 0
motion R4 34 400 722 100 156 0 0 0 36 200 722 100 156 0 0 0
motion R1 36 400 107 100 186 0 0 0 40 400 407 100 186 0 0 0
motion R4 36 200 722 100 156 0 0 0 40 200 422 100 156 0 0 0
motion R2 30 0 450 100 100 0 0 0 40 0 450 100 100 0 0 0
motion R5 30 600 435 100 131 0 0 0 40 600 435 100 131 0 0 0
motion R3 30 800 395 100 210 0 0 0 40 800 395 100 210 0 0 0
motion R1 40 400 407 100 186 0 0 0 44 400 107 100 186 0 0 0
motion R5 40 600 435 100 131 0 0 0 44 600 735 100 131 0 0 0
motion R1 44 400 107 100 186 0 0 0 46 600 107 100 186 0 0 0
motion R5 44 600 735 100 131 0 0 0 46 400 735 100 131 0 0 0
motion R1 46 600 107 100 186 0 0 0 50 600 407 100 186 0 0 0
motion R5 46 400 735 100 131 0 0 0 50 400 435 100 131 0 0 0
motion R2 40 0 450 100 100 0 0 0 50 0 450 100 100 0 0 0
motion R4 40 200 422 100 156 0 0 0 50 200 422 100 156 0 0 0
motion R3 40 800 395 100 210 0 0 0 50 800 395 100 210 0 0 0
motion R4 50 200 422 100 156 0 0 0 54 200 122 100 156 0 0 0
motion R5 50 400 435 100 131 0 0 0 54 400 735 100 131 0 0 0
motion R4 54 200 122 100 156 0 0 0 56 400 122 100 156 0 0 0
motion R5 54 400 735 100 131 0 0 0 56 200 735 100 131 0 0 0
motion R4 56 400 122 100 156 0 0 0 60 400 422 100 156 0 0 0
motion R5 56 200 735 100 131 0 0 0 60 200 435 100 131 0 0 0
motion R2 50 0 450 100 100 0 0 0 60 0 450 100 100 0 0 0
motion R1 50 600 407 100 186 0 0 0 60 600 407 100 186 0 0 0
motion R3 50 800 395 100 210 0 0 0 60 800 395 100 210 0 0 0
