canvas 0 0 500 500
shape background rectangle
shape R1 rectangle
shape R2 rectangle
shape R3 rectangle
shape R4 rectangle
shape R5 rectangle
shape R6 rectangle
motion background 0 0 0 500 500 0 0 0   0 0 0 500 500 0 0 0
motion R1 0 200 400 100 50 0 0 0        5 200 400 100 50 0 0 0
motion R1 5 200 400 100 50 0 0 0        15 90 200 50 200 255 0 0
motion R1 15 90 200 50 200 255 0 0      20 90 200 50 200 255 0 0
motion R1 20 90 200 50 200 255 0 0      30 125 100 50 75 255 0 0
motion R1 30 125 100 50 75 255 0 0      35 125 100 50 75 255 0 0
motion R1 35 125 100 50 75 255 0 0      45 225 150 50 50 255 0 0
motion R1 45 225 150 50 50 255 0 0      50 225 150 50 50 255 0 0
motion R1 50 225 150 50 50 255 0 0      60 200 400 100 50 0 0 0


motion R2 0 200 400 100 50 0 0 0        5 200 400 100 50 0 0 0
motion R2 5 200 400 100 50 0 0 0        15 390 200 50 200 0 255 0
motion R2 15 390 200 50 200 0 255 0     20 390 200 50 200 0 255 0
motion R2 20 390 200 50 200 0 255 0     30 100 275 50 50 0 255 0
motion R2 30 100 275 50 50 0 255 0      35 100 275 50 50 0 255 0
motion R2 35 100 275 50 50 0 255 0      45 200 200 100 50 0 255 0
motion R2 45 200 200 100 50 0 255 0     50 200 200 100 50 0 255 0
motion R2 50 200 200 100 50 0 255 0     60 200 400 100 50 0 0 0

motion R3 0 200 400 100 50 0 0 0        5 200 400 100 50 0 0 0
motion R3 5 200 400 100 50 0 0 0        15 90 150 350 50 0 0 255
motion R3 15 90 150 350 50 0 0 255      20 90 150 350 50 0 0 255
motion R3 20 90 150 350 50 0 0 255      30 225 200 50 25 0 0 255
motion R3 30 225 200 50 25 0 0 255      35 225 200 50 25 0 0 255
motion R3 35 225 200 50 25 0 0 255      45 175 250 150 50 0 0 255
motion R3 45 175 250 150 50 0 0 255     50 175 250 150 50 0 0 255
motion R3 50 175 250 150 50 0 0 255     60 200 400 100 50 0 0 0

motion R4 0 200 400 100 50 0 0 0        5 200 400 100 50 0 0 0
motion R4 5 200 400 100 50 0 0 0        15 245 300 50 100 255 255 0
motion R4 15 245 300 50 100 255 255 0   20 245 300 50 100 255 255 0
motion R4 20 245 300 50 100 255 255 0   30 150 325 200 50 255 255 0
motion R4 30 150 325 200 50 255 255 0   35 150 325 200 50 255 255 0
motion R4 35 150 325 200 50 255 255 0   45 150 300 200 50 255 255 0
motion R4 45 150 300 200 50 255 255 0   50 150 300 200 50 255 255 0
motion R4 50 150 300 200 50 255 255 0   60 200 400 100 50 0 0 0

motion R5 0 200 400 100 50 0 0 0        5 200 400 100 50 0 0 0
motion R5 5 200 400 100 50 0 0 0        15 280 350 5 5 0 255 255
motion R5 15 280 350 5 5 0 255 255      20 280 350 5 5 0 255 255
motion R5 20 280 350 5 5 0 255 255      30 325 100 50 75 0 255 255
motion R5 30 325 100 50 75 0 255 255    35 325 100 50 75 0 255 255
motion R5 35 325 100 50 75 0 255 255    45 125 350 250 50 0 255 255
motion R5 45 125 350 250 50 0 255 255   50 125 350 250 50 0 255 255
motion R5 50 125 350 250 50 0 255 255   60 200 400 100 50 0 0 0

motion R6 0 200 400 100 50 0 0 0        5 200 400 100 50 0 0 0
motion R6 5 200 400 100 50 0 0 0      15 365 110 25 40 255 0 255
motion R6 15 365 110 25 40 255 0 255    20 365 110 25 40 255 0 255
motion R6 20 365 110 25 40 255 0 255    30 350 275 50 50 255 0 255
motion R6 30 350 275 50 50 255 0 255    35 350 275 50 50 255 0 255
motion R6 35 350 275 50 50 255 0 255    45 100 400 300 50 255 0 255
motion R6 45 100 400 300 50 255 0 255   50 100 400 300 50 255 0 255
motion R6 50 100 400 300 50 255 0 255   60 200 400 100 50 0 0 0




